%YAML:1.0

#--------------------------------------------------------------------------------------------
# Camera Parameters. Adjust them!
#--------------------------------------------------------------------------------------------
Camera.type: "PinHole"

# Camera calibration and distortion parameters (OpenCV) 
Camera.fx: 724.98589712163846
Camera.fy: 724.62115437746365
Camera.cx: 384.99592678167653
Camera.cy: 220.50852045554484

Camera.k1: 0.0
Camera.k2: 0.0
Camera.p1: 0.0
Camera.p2: 0.0

Camera.bFishEye: 0

Camera.width: 752
Camera.height: 480

# Camera frames per second 
Camera.fps: 20.0

# stereo baseline times fx
Camera.bf: 43.377062601091353

# Color order of the images (0: BGR, 1: RGB. It is ignored if images are grayscale)
Camera.RGB: 1

# Close/Far threshold. Baseline times.
ThDepth: 35.0

#--------------------------------------------------------------------------------------------
# Stereo Rectification. Only if you need to pre-rectify the images.
# Camera.fx, .fy, etc must be the same as in LEFT.P
#--------------------------------------------------------------------------------------------
LEFT.height: 480
LEFT.width: 752
LEFT.D: !!opencv-matrix
   rows: 1
   cols: 5
   dt: d
   data:[4.7052610252663031e-02, 2.5200935191361684e-01,-1.4541295588007420e-03, -1.4673782728278444e-03,-1.2040385034863532e+00]
LEFT.K: !!opencv-matrix
   rows: 3
   cols: 3
   dt: d
   data: [ 7.2498589712163846e+02, 0., 3.8499592678167653e+02, 0., 7.2462115437746365e+02, 2.2050852045554484e+02, 0., 0., 1.]
LEFT.R:  !!opencv-matrix
   rows: 3
   cols: 3
   dt: d
   data: [9.9997976874515504e-01, 3.2740323599137135e-03,5.4536971397923101e-03, -3.2820951763712141e-03,9.9999353327869578e-01, 1.4701197376487481e-03,-5.4488486526588185e-03, -1.4879895483575864e-03,9.9998404784049633e-01]
LEFT.P:  !!opencv-matrix
   rows: 3
   cols: 4
   dt: d
   data: [7.2472701779932436e+02, 0., 3.8094440460205078e+02, 0., 0.,7.2472701779932436e+02, 2.1937847137451172e+02, 0., 0., 0., 1.,0.]

RIGHT.height: 480
RIGHT.width: 752
RIGHT.D: !!opencv-matrix
   rows: 1
   cols: 5
   dt: d
   data:[5.5909376487542788e-02, 1.6944788073850803e-01,-7.8232666302714346e-04, -1.4010517527183587e-03,-7.7202679287505371e-01]
RIGHT.K: !!opencv-matrix
   rows: 3
   cols: 3
   dt: d
   data: [7.2471979917512351e+02, 0., 3.7505077950340700e+02, 0.,7.2483288122118495e+02, 2.2226869596857210e+02, 0., 0., 1.]
RIGHT.R:  !!opencv-matrix
   rows: 3
   cols: 3
   dt: d
   data: [9.9996151180298021e-01, 2.5516770149014338e-03,-8.3942752581657280e-03, -2.5641260033744200e-03,9.9999562833605149e-01, -1.4726053864587089e-03,8.3904809478985605e-03, 1.4940726880014060e-03,9.9996368312867523e-01]
RIGHT.P:  !!opencv-matrix
   rows: 3
   cols: 4
   dt: d
   data: [7.2472701779932436e+02, 0., 3.8160747528076172e+02,-4.3377062601091353e+01, 0., 7.2472701779932436e+02,2.1937847137451172e+02, 0., 0., 0., 1., 0.]

#--------------------------------------------------------------------------------------------
# ORB Parameters
#--------------------------------------------------------------------------------------------

# ORB Extractor: Number of features per image
ORBextractor.nFeatures: 1200

# ORB Extractor: Scale factor between levels in the scale pyramid 	
ORBextractor.scaleFactor: 1.2

# ORB Extractor: Number of levels in the scale pyramid	
ORBextractor.nLevels: 8

# ORB Extractor: Fast threshold
# Image is divided in a grid. At each cell FAST are extracted imposing a minimum response.
# Firstly we impose iniThFAST. If no corners are detected we impose a lower value minThFAST
# You can lower these values if your images have low contrast			
ORBextractor.iniThFAST: 20
ORBextractor.minThFAST: 7

#--------------------------------------------------------------------------------------------
# Viewer Parameters
#--------------------------------------------------------------------------------------------
Viewer.KeyFrameSize: 0.05
Viewer.KeyFrameLineWidth: 1
Viewer.GraphLineWidth: 0.9
Viewer.PointSize:2
Viewer.CameraSize: 0.08
Viewer.CameraLineWidth: 3
Viewer.ViewpointX: 0
Viewer.ViewpointY: -0.7
Viewer.ViewpointZ: -1.8
Viewer.ViewpointF: 500

